1;1;1;4.26360;8.09311;1.50814;0.00000;0.54506;1.65511;1.00000;595.000000;52000.000000
1;2;2;4.03177;4.92815;8.48142;-0.69315;1.37217;0.00000;0.45826;1.50854;0.93181;0.00000;-0.00000;0.00003;0.94505;0.05495;599.000000;140000.000000
1;3;2;4.23779;2.44273;8.37505;3.47817;1.21290;0.00000;0.31743;1.51022;1.69387;0.00000;-3.08310;1.06214;0.95914;0.04086;855.000000;220000.000000
1;4;1;4.27853;8.29119;1.40520;0.00000;0.06654;1.85883;1.00000;660.000000;110000.000000
1;5;1;4.15607;7.92767;1.45879;0.00000;0.25933;1.86377;1.00000;780.000000;84000.000000
1;6;1;4.30119;8.35571;1.27195;0.00000;0.53082;1.61496;1.00000;780.000000;140000.000000
1;7;2;5.01884;4.11913;6.98402;8.60279;0.95938;0.00000;0.75382;2.81306;1.51616;0.00000;0.20979;1.22174;0.29502;0.70498;805.000000;140000.000000
1;8;1;4.46908;8.09442;1.20827;0.00000;-0.36919;2.10680;1.00000;780.000000;200000.000000
1;9;1;4.17907;7.65517;1.27830;0.00000;0.54998;2.39717;1.00000;468.000000;108000.000000
1;10;2;4.51176;2.61555;8.28653;5.56122;1.41230;0.00000;0.39428;1.19920;1.78771;0.00000;-3.92816;0.09276;0.94793;0.05207;662.000000;103000.000000
1;11;1;4.14566;8.46963;1.37459;0.00000;0.46875;1.62374;1.00000;575.000000;108000.000000
2;1;1;4.67012;8.11319;1.01713;0.00000;-0.34683;1.73584;1.00000;458.000000;100000.000000
2;2;1;4.48190;8.16095;1.28776;0.00000;0.02834;1.53020;1.00000;552.000000;60000.000000
2;3;3;5.87491;4.35218;2.75019;8.43099;8.46031;6.94023;0.42063;0.00000;1.00459;1.40575;0.92945;0.00000;0.29583;1.26700;1.51027;0.00000;-1.17345;2.43178;0.19366;0.59079;0.21555;815.000000;200000.000000
2;4;3;4.51014;3.51896;5.54425;-0.69315;8.16463;8.53889;1.70568;0.00000;0.00000;0.00003;1.26657;0.00000;0.21590;1.56210;0.61311;0.00000;0.32453;1.60089;0.02405;0.65776;0.31819;690.000000;127000.000000
2;5;3;5.34815;4.76091;3.23769;8.64233;-0.69315;8.31768;0.70043;0.00000;0.22821;1.59724;1.03941;0.00000;0.00000;0.00003;1.37084;0.00000;0.34955;1.39372;0.46521;0.01316;0.52163;840.000000;250000.000000
2;6;2;5.24102;4.15869;-0.69315;8.39672;1.13813;0.00000;0.00000;0.00003;1.44133;0.00000;0.42081;1.45852;0.01278;0.98722;680.000000;415000.000000
2;7;2;4.21255;4.84898;8.43163;3.73968;1.45547;0.00000;0.17761;1.40963;1.22968;0.00000;0.62034;3.52481;0.94370;0.05630;950.000000;250000.000000
2;8;1;4.08614;8.22984;1.36923;0.00000;0.19420;1.42937;1.00000;760.000000;110000.000000
2;9;1;3.97217;8.28252;1.44248;0.00000;0.25577;1.60022;1.00000;589.000000;165000.000000
2;10;1;4.18977;7.86127;1.51901;0.00000;0.28617;1.45711;1.00000;725.000000;50000.000000
2;11;1;4.31789;8.26009;1.42021;0.00000;0.25664;1.63202;1.00000;790.000000;606000.000000
3;1;1;4.32302;8.31061;1.05591;0.00000;0.33264;1.40812;1.00000;430.000000;165000.000000
3;2;1;4.00858;7.64642;1.38527;0.00000;-0.00049;1.67531;1.00000;550.000000;20000.000000
3;3;1;4.14033;8.38214;1.42758;0.00000;0.18138;1.39077;1.00000;555.000000;165000.000000
3;4;1;4.40353;8.30446;1.26515;0.00000;0.21695;1.38882;1.00000;614.000000;99000.000000
3;5;1;4.01298;7.79919;1.37562;0.00000;0.56391;2.20531;1.00000;589.000000;220000.000000
3;6;1;4.21732;8.19459;1.31411;0.00000;0.28361;1.95157;1.00000;538.000000;85000.000000
3;7;1;4.29254;7.16880;1.29736;0.00000;0.49178;1.95021;1.00000;662.000000;30000.000000
3;8;1;4.37558;7.98994;1.10203;0.00000;0.55585;1.82682;1.00000;725.000000;140000.000000
3;9;1;4.53383;8.25165;1.35134;0.00000;0.34191;1.87610;1.00000;617.000000;200000.000000
3;10;1;4.47369;8.49400;1.31091;0.00000;0.08532;1.35425;1.00000;805.000000;95000.000000
3;11;1;4.15218;8.37593;1.35473;0.00000;0.06553;2.13913;1.00000;615.000000;127000.000000
4;1;3;3.23687;5.34694;5.12607;8.07514;-0.69315;8.34817;1.34382;0.00000;0.17683;1.39065;0.90544;0.00000;-0.00000;0.00003;0.71517;0.00000;0.20230;1.53140;0.56232;0.01431;0.42336;660.000000;140000.000000
4;2;1;4.27795;7.89719;1.44452;0.00000;0.30112;1.62864;1.00000;950.000000;70000.000000
4;3;2;4.93602;2.64544;8.58119;7.12814;0.91364;0.00000;0.14468;1.41484;1.29060;0.00000;-1.09202;2.00990;0.71018;0.28982;790.000000;220000.000000
4;4;2;5.18413;3.93369;4.50276;8.17471;0.92800;0.00000;2.24567;2.83308;1.50561;0.00000;0.37513;1.40999;0.10389;0.89611;725.000000;100000.000000
4;5;1;4.25882;8.46956;1.40380;0.00000;0.21732;1.66157;1.00000;815.000000;150000.000000
4;6;2;4.58712;4.19757;5.15045;8.64359;1.45887;0.00000;2.34336;1.44901;1.47540;0.00000;0.42247;1.31887;0.05496;0.94504;855.000000;125000.000000
4;7;2;5.24241;3.10089;8.84996;6.88756;0.65879;0.00000;0.23018;1.14669;1.23819;0.00000;-1.15238;2.37395;0.53211;0.46789;525.000000;200000.000000
4;8;1;4.37753;8.26216;1.42669;0.00000;0.16658;2.01751;1.00000;805.000000;78000.000000
4;9;2;4.17946;3.86330;8.25884;0.16463;1.59904;0.00000;0.36833;1.38427;2.31423;0.00000;-0.83531;1.32444;0.94090;0.05910;655.000000;110000.000000
4;10;1;4.62387;8.45011;1.27587;0.00000;0.15936;1.35825;1.00000;562.000000;71000.000000
4;11;1;4.03269;8.43485;1.29575;0.00000;0.29257;1.59511;1.00000;780.000000;165000.000000
5;1;2;4.35176;2.70443;8.46372;4.25100;1.22383;0.00000;0.29201;1.35451;1.76861;0.00000;-2.97181;2.08470;0.92722;0.07278;855.000000;165000.000000
5;2;1;4.30330;8.18568;1.34637;0.00000;0.29146;1.66993;1.00000;595.000000;60000.000000
5;3;2;5.14406;4.23417;-0.69315;8.26184;0.95601;0.00000;-0.00000;0.00003;1.39156;0.00000;0.32311;1.48130;0.02400;0.97600;725.000000;165000.000000
5;4;1;4.42496;8.01546;1.23527;0.00000;-0.12338;2.09144;1.00000;589.000000;200000.000000
5;5;1;4.25568;7.74389;1.35198;0.00000;0.07129;2.13061;1.00000;805.000000;99000.000000
5;6;1;4.22868;8.24337;1.23953;0.00000;0.46572;1.39082;1.00000;530.000000;220000.000000
5;7;1;4.29589;8.29693;1.31991;0.00000;0.52926;1.92502;1.00000;503.000000;103000.000000
5;8;1;4.52371;7.67216;1.05410;0.00000;-0.26993;2.59683;1.00000;660.000000;60000.000000
5;9;1;4.17560;7.90766;1.53042;0.00000;0.13088;0.92867;1.00000;347.000000;15000.000000
5;10;1;3.78131;7.59842;1.02518;0.00000;-0.03172;0.80373;1.00000;165.000000;9000.000000
5;11;1;4.65422;8.38952;1.20291;0.00000;-0.10841;1.25975;1.00000;585.000000;84000.000000
6;1;1;4.45515;8.03844;1.29235;0.00000;-0.01729;1.58976;1.00000;805.000000;54000.000000
6;2;1;3.84218;8.23141;1.31057;0.00000;0.01423;1.10836;1.00000;340.000000;55000.000000
6;3;1;4.20567;8.14753;1.29266;0.00000;0.63786;1.61010;1.00000;589.000000;150000.000000
6;4;1;4.21363;8.41858;1.61915;0.00000;0.31621;1.57578;1.00000;568.000000;220000.000000
6;5;1;3.95739;8.08370;1.29356;0.00000;0.90324;1.58582;1.00000;525.000000;200000.000000
6;6;1;4.13879;8.50880;1.12733;0.00000;0.45568;1.44305;1.00000;460.000000;127000.000000
6;7;1;4.34672;8.11607;1.18403;0.00000;0.47370;1.58328;1.00000;585.000000;127000.000000
6;8;1;4.49831;7.98830;1.15352;0.00000;0.17088;2.25786;1.00000;562.000000;165000.000000
6;9;1;4.27312;7.20726;1.40827;0.00000;-0.38094;2.36574;1.00000;615.000000;24000.000000
6;10;1;3.98173;8.37327;1.47491;0.00000;-0.43196;1.86772;1.00000;505.000000;165000.000000
6;11;1;4.83788;8.68599;1.16478;0.00000;0.83819;1.42462;1.00000;725.000000;95000.000000
7;1;3;3.71584;4.99690;5.36016;8.43183;8.18000;6.73400;1.42842;0.00000;0.40175;1.40722;0.84543;0.00000;0.28987;0.28533;0.79196;0.00000;1.79617;2.59426;0.70477;0.14791;0.14732;678.000000;165000.000000
7;2;2;4.99321;2.57277;8.55481;7.27039;0.91019;0.00000;0.13395;1.43754;0.97561;0.00000;-0.65378;1.92506;0.66525;0.33475;742.000000;140000.000000
7;3;3;5.13272;4.37095;3.07052;8.35559;-0.69315;8.22851;0.75107;0.00000;0.41538;1.42617;1.29380;0.00000;-0.00000;0.00003;1.30465;0.00000;0.24828;1.41406;0.50351;0.01542;0.48108;790.000000;140000.000000
7;4;2;5.67927;4.19869;4.59868;8.43338;0.71288;0.00000;-0.59831;3.73424;1.36095;0.00000;0.24263;1.43818;0.05167;0.94833;760.000000;140000.000000
7;5;3;4.51964;6.24030;3.98705;-0.69315;9.77965;8.17461;1.35962;0.00000;0.00000;0.00003;0.06376;0.00000;0.18672;1.02836;1.32185;0.00000;0.15184;1.45537;0.02167;0.08354;0.89479;855.000000;250000.000000
7;6;2;3.96916;5.46546;8.30764;6.30463;1.43121;0.00000;0.35880;1.39393;0.53409;0.00000;1.80818;2.52417;0.88446;0.11554;780.000000;125000.000000
7;7;1;4.24516;8.46393;1.39965;0.00000;0.34894;1.63120;1.00000;950.000000;220000.000000
7;8;1;4.25325;8.53065;1.47117;0.00000;0.44192;1.41224;1.00000;805.000000;200000.000000
7;9;1;4.17578;7.58646;1.41006;0.00000;0.16365;1.69660;1.00000;780.000000;78000.000000
7;10;1;4.42128;7.78121;1.74904;0.00000;-0.01143;2.22003;1.00000;815.000000;35000.000000
7;11;1;4.20616;8.08659;1.55037;0.00000;0.26335;1.62467;1.00000;780.000000;70000.000000
8;1;2;4.18755;5.38460;8.42060;-0.69315;1.36026;0.00000;0.19903;1.43809;0.74221;0.00000;0.00000;0.00003;0.92857;0.07143;615.000000;127000.000000
8;2;1;4.52226;8.27390;1.28787;0.00000;0.52798;1.52353;1.00000;780.000000;140000.000000
8;3;1;4.45393;8.17556;1.31108;0.00000;0.32426;1.79854;1.00000;805.000000;220000.000000
8;4;1;3.99827;8.14626;1.42834;0.00000;0.53753;1.48458;1.00000;550.000000;200000.000000
8;5;1;4.37535;7.99907;1.28164;0.00000;0.12712;1.58260;1.00000;617.000000;87000.000000
8;6;1;4.04512;8.00134;1.29568;0.00000;0.27332;1.61576;1.00000;505.000000;165000.000000
8;7;1;4.30874;7.86275;1.21817;0.00000;0.23255;1.42122;1.00000;614.000000;60000.000000
8;8;1;3.85710;7.80408;1.25943;0.00000;-0.07446;2.46377;1.00000;585.000000;95000.000000
8;9;1;4.19565;8.16281;1.39083;0.00000;0.32384;1.75227;1.00000;505.000000;150000.000000
8;10;1;4.54517;8.58402;1.31759;0.00000;0.17934;1.44165;1.00000;585.000000;165000.000000
8;11;1;4.27496;8.27068;1.30951;0.00000;-0.32445;2.12784;1.00000;790.000000;99000.000000
9;1;2;3.17356;4.49651;5.08451;8.42728;1.87891;0.00000;-2.93700;1.42623;1.18920;0.00000;0.31180;1.28381;0.11883;0.88117;790.000000;85000.000000
9;2;1;4.15933;8.32666;1.38845;0.00000;0.33524;1.61405;1.00000;614.000000;110000.000000
9;3;2;3.31364;4.36607;3.43019;8.33599;1.82391;0.00000;-2.45391;2.11590;1.32748;0.00000;0.35171;1.43472;0.04666;0.95334;855.000000;200000.000000
9;4;2;2.39893;4.52180;5.11920;8.45599;1.83249;0.00000;-3.48674;1.53114;1.13992;0.00000;0.40923;1.40210;0.13564;0.86436;599.000000;150000.000000
9;5;1;4.16031;8.43381;1.45198;0.00000;0.40953;1.41522;1.00000;805.000000;140000.000000
9;6;2;4.23130;4.02819;-0.69315;8.28701;0.91996;0.00000;-0.00000;0.00003;1.39446;0.00000;0.16772;1.51552;0.03378;0.96622;662.000000;140000.000000
9;7;1;4.42665;8.22410;1.30074;0.00000;0.39103;2.00592;1.00000;725.000000;220000.000000
9;8;1;4.16398;8.01379;1.12939;0.00000;0.13094;1.72720;1.00000;562.000000;127000.000000
9;9;1;3.96689;8.05738;1.78101;0.00000;0.38286;2.52220;1.00000;780.000000;140000.000000
9;10;1;4.49247;8.18347;1.00981;0.00000;0.36595;1.39454;1.00000;562.000000;95000.000000
9;11;1;3.81819;8.15850;1.47586;0.00000;0.02145;2.06265;1.00000;555.000000;100000.000000
10;1;1;4.25324;8.04368;1.47446;0.00000;0.41461;1.57575;1.00000;562.000000;55000.000000
10;2;2;2.78222;4.40693;5.64348;8.89230;1.87939;0.00000;-2.05838;2.34787;1.04063;0.00000;0.61533;1.23208;0.22069;0.77931;615.000000;200000.000000
10;3;1;4.21586;8.04527;1.32825;0.00000;0.47161;1.46320;1.00000;505.000000;110000.000000
10;4;1;4.39311;8.39815;1.20880;0.00000;0.20038;1.53949;1.00000;805.000000;220000.000000
10;5;1;4.24010;8.01980;1.33217;0.00000;0.77530;1.59654;1.00000;530.000000;85000.000000
10;6;1;4.28907;8.13461;1.39965;0.00000;-0.10530;1.58883;1.00000;725.000000;140000.000000
10;7;1;4.19011;8.30631;1.29867;0.00000;0.06763;1.67402;1.00000;552.000000;165000.000000
10;8;1;4.15137;8.61749;1.47213;0.00000;0.57411;1.40568;1.00000;525.000000;127000.000000
10;9;1;4.18435;8.57745;0.74622;0.00000;0.50319;0.99700;1.00000;175.000000;23000.000000
10;10;1;4.42111;9.01978;0.93928;0.00000;0.67962;0.95884;1.00000;435.000000;127000.000000
10;11;1;4.37093;8.34754;1.50284;0.00000;0.81998;1.26526;1.00000;617.000000;87000.000000
11;1;2;4.92552;4.15534;0.34408;8.45666;0.81618;0.00000;1.29964;1.66274;1.45651;0.00000;0.35195;1.30066;0.05683;0.94317;614.000000;150000.000000
11;2;1;3.83226;7.62751;1.50598;0.00000;0.15641;2.22748;1.00000;555.000000;103000.000000
11;3;2;4.43904;2.48489;8.46847;5.84828;1.17902;0.00000;0.22396;1.35839;1.78115;0.00000;-1.53544;2.92212;0.88689;0.11311;690.000000;220000.000000
11;4;2;5.33866;3.90972;7.14671;8.19482;0.61029;0.00000;0.91078;3.52152;1.11769;0.00000;-0.02681;0.97959;0.25399;0.74601;662.000000;95000.000000
11;5;1;4.31084;8.45574;1.31595;0.00000;0.58832;1.54132;1.00000;725.000000;200000.000000
11;6;1;4.28405;8.38086;1.44088;0.00000;0.16665;1.64612;1.00000;780.000000;165000.000000
11;7;2;4.78117;2.89263;8.55748;6.08488;0.88976;0.00000;0.02064;1.30411;1.34260;0.00000;-2.58463;1.51261;0.83613;0.16387;855.000000;100000.000000
11;8;1;4.03298;7.76177;1.50070;0.00000;0.18763;1.86188;1.00000;615.000000;52000.000000
11;9;1;4.66517;8.34475;1.16683;0.00000;0.22497;1.43718;1.00000;562.000000;99000.000000
11;10;1;4.21658;8.15413;1.48145;0.00000;0.96124;1.53269;1.00000;538.000000;100000.000000
11;11;1;4.18301;8.30431;1.21321;0.00000;-0.03658;1.44872;1.00000;570.000000;40788.387000
12;1;1;4.73361;7.69186;1.13741;0.00000;0.63134;2.59620;1.00000;440.000000;25000.000000
12;2;1;4.67402;8.46264;1.09913;0.00000;-0.12295;1.42485;1.00000;540.000000;100000.000000
12;3;1;4.05288;8.23726;1.17498;0.00000;0.37382;1.20371;1.00000;550.000000;95000.000000
12;4;1;4.02764;9.05104;1.64976;0.00000;0.16059;1.55895;1.00000;568.000000;200000.000000
12;5;1;4.02466;8.17528;1.73577;0.00000;0.84428;1.47110;1.00000;530.000000;140000.000000
12;6;1;3.86826;7.38658;0.41198;0.00000;0.51915;0.92206;1.00000;70.000000;7000.000000
12;7;1;3.42121;8.28238;1.92398;0.00000;0.22491;1.71129;1.00000;468.000000;30000.000000
12;8;1;4.59044;8.13512;1.23449;0.00000;0.44526;1.29498;1.00000;805.000000;25000.000000
12;9;1;4.85703;8.90469;0.95525;0.00000;0.81040;0.99598;1.00000;585.000000;52000.000000
12;10;1;3.92019;9.17212;1.91880;0.00000;0.08307;0.76450;1.00000;225.000000;26000.000000
12;11;1;3.83292;8.31331;1.51438;0.00000;-0.07019;0.82224;1.00000;270.000000;20000.000000
