1;4;46678.72262;51467.86342;29467.19581;40253.35630;48452.38886;51893.46969;29857.63518;49853.27660;209748168.00114;208029914.00751;208029914.00751;207345377.89757;135490472.83120;135754318.95410;135754318.95410;136095090.93236;2091504.88372;2143995.77263;2143995.77263;2263718.72247;137053825.57544;106353204.42777;106353204.42777;122536077.50577;0.22855;0.41037;0.25512;0.10596;77941.679646;78304.489972
2;8;61994.64853;44158.63172;41882.15897;41072.06240;42161.79582;60682.93012;35028.81056;60437.40676;65786.79141;47918.85439;43657.33819;57030.49515;50401.71832;61463.55549;59137.93415;69787.76164;47378253.75371;43183783.16239;43183783.16239;42287764.24874;993291.03760;833078.48970;833078.48970;3193747.49023;89469233.35737;91675008.73531;91675008.73531;94862853.66666;40706030.22165;47536400.10635;47536400.10635;81597029.38585;56517218.67678;61331952.04329;61331952.04329;76546435.82804;30460228.39895;30688105.58523;30688105.58523;31110810.93184;75126668.09009;58065566.21581;58065566.21581;116335107.91835;20238927.90224;19444172.54879;19444172.54879;31704015.00929;0.18405;0.09022;0.13148;0.13124;0.19585;0.09752;0.06075;0.10889;84581.772606;94575.342737
3;5;45100.00496;35299.88907;32222.34793;47058.38720;42669.88896;46087.30727;39968.89589;60474.44832;50255.62395;53076.61221;135305400.98019;135042299.47171;135042299.47171;135083592.62693;11700042.79714;11314496.64372;11314496.64372;15750308.29416;8477406.66363;-159939.82375;-159939.82375;8619194.40840;103130657.54663;103108802.33714;103108802.33714;105025802.72565;101436774.64830;74660521.18679;74660521.18679;65861361.48033;0.32877;0.17578;0.03631;0.25969;0.19945;78274.763418;79957.311199
4;6;28871.28317;47391.10218;41185.19512;29296.64789;30403.41494;49902.33462;60435.21142;60332.64116;43651.46547;48036.57712;44275.14989;64842.89517;5525501.37498;3956597.77279;3956597.77279;7018363.85550;4888959.45331;1333509.04597;1333509.04597;10323822.72234;153492301.15247;155956943.80723;155956943.80723;161551685.23072;27464710.50847;3444841.58265;3444841.58265;95523913.45720;4706452.80810;741315.16106;741315.16106;1921567.61027;62756192.79532;36665085.92187;36665085.92187;74321569.88298;0.15451;0.09794;0.17211;0.29781;0.18981;0.08782;81950.148278;84622.069630
5;6;29055.63755;29728.64431;29160.62956;46931.69433;49378.97933;29753.71928;39847.90532;43576.01930;44188.16519;54654.79495;57100.36815;57440.80647;3192601.36704;18338493.34255;18338493.34255;112491346.49202;725145.04956;-36433.65328;-36433.65328;342903.51493;2543592.00608;-6120627.14201;-6120627.14201;103197189.65431;84470273.80495;74144161.50118;74144161.50118;108633019.35789;12662377.32732;-219037.01318;-219037.01318;1981976.20759;569380.64707;-255989.19886;-255989.19886;4126438.73331;0.09568;0.25034;0.20444;0.13335;0.08953;0.22666;66090.392149;76657.379035
6;2;54762.54709;44936.57273;62454.11344;48643.58649;176397945.96601;164228840.75468;164228840.75468;180372348.44249;3570987.87361;4141293.28486;4141293.28486;8696618.62180;0.46689;0.53311;81422.335242;96632.565439
7;4;39292.33526;45679.15186;55436.26922;36626.71170;39823.73614;55660.01105;57211.06375;39198.66358;51496712.40297;51746218.00165;51746218.00165;52096557.83614;101834976.91975;62641358.81838;62641358.81838;69358511.33689;46708699.95858;45417469.60117;45417469.60117;45296065.39740;13693055.30759;13416922.40562;13416922.40562;15439887.00652;0.25245;0.16010;0.33847;0.24898;77686.394433;79147.497495
8;2;50080.58228;36583.63747;54735.60332;38221.34322;144767397.65076;109738512.13240;109738512.13240;104940825.65150;20680984.82943;19206924.92401;19206924.92401;19593121.73390;0.55533;0.44467;74155.138058;97297.076030
9;3;54228.37002;37122.70974;49390.91097;58052.48054;39461.59206;62347.97724;125053845.68279;112219529.11334;112219529.11334;105730501.46570;32818370.91990;33187428.67334;33187428.67334;35190764.59766;115557590.56366;76836749.52428;76836749.52428;86658746.22373;0.53850;0.19571;0.26578;84021.985799;87831.677581
10;1;47540.96197;53484.35695;151955718.55955;129293226.06589;129293226.06589;154176626.68844;1.00000;84063.405919;89773.520166
11;5;67375.67399;49886.31247;52403.44554;42169.31160;37976.87037;73522.01369;50452.90859;59623.57118;60322.41217;43541.86920;55526284.52362;57071378.65667;57071378.65667;75158611.63022;179786196.50815;178791585.30137;178791585.30137;177860764.52465;13852617.58418;5991180.53846;5991180.53846;10450155.46148;191566469.97354;218769964.12377;218769964.12377;330864602.87352;24098229.30818;21128509.16289;21128509.16289;28965423.08119;0.22089;0.12785;0.22982;0.09114;0.33031;86311.163625;100589.449959
12;1;41105.84744;49389.78980;289608268.95746;189749333.66318;189749333.66318;263118864.43663;1.00000;78787.672584;82985.434334
