1;6;10.50278; 7.74801;10.99008;10.29543;10.67494;10.40304;10.60410; 8.01695;11.00329;10.31089;10.69212;10.79388;0.09875;0.09937;0.09937;0.10439;0.89154;0.69848;0.69848;0.55058;0.01180;0.01166;0.01166;0.01187;0.00387;0.00384;0.00384;0.00417;0.00832;0.00784;0.00784;0.00783;0.05526;0.01809;0.01809;0.02300;0.12463;0.00330;0.34145;0.30661;0.18378;0.04023;11.265857;11.270172
2;7;10.62320;11.00512;10.69503;10.58769;11.03425;10.65752;10.39478;10.67637;11.13300;10.78755;10.76831;11.07146;10.93123;10.96064;0.04197;0.04235;0.04235;0.04401;0.00430;0.00307;0.00307;0.00510;0.00101;0.00040;0.00040;0.00223;0.08383;0.07985;0.07985;0.08183;0.00968;0.00939;0.00939;0.01007;0.02526;0.01558;0.01558;0.02094;0.08965;0.03750;0.03750;0.03908;0.14196;0.12125;0.10989;0.09603;0.24456;0.23867;0.04763;11.366111;11.457213
3;2;10.36298;10.67395;10.77528;10.74566;0.31301;0.23880;0.23880;0.21027;0.05221;0.04839;0.04839;0.04837;0.14176;0.85824;11.267196;11.290251
4;5;10.78179;10.27157;10.32167;10.56525;10.26803;11.02944;11.00911;10.69871;10.65287;10.80713;0.00484;0.00184;0.00184;0.00889;0.00739;0.00245;0.00245;0.00237;0.00516;0.00066;0.00066;0.00158;0.09736;0.09489;0.09489;0.09710;0.05110;0.00722;0.00722;0.03435;0.15276;0.17192;0.21525;0.23035;0.22973;11.314447;11.345888
5;6;10.28523;10.29796;10.79921;10.30256;10.26823;10.29695;10.63229;10.95862;10.93679;10.84799;10.29565;10.68772;0.00193;-0.00019;-0.00019; 0.01662; 0.00122;-0.00037;-0.00037; 0.00161; 0.01442; 0.01044; 0.01044; 0.01603; 0.01270; 0.00198; 0.00198; 0.02722; 0.00444; 0.00430; 0.00430; 0.00470; 0.00093;-0.00007;-0.00007; 0.00071;0.07538;0.26289;0.20382;0.05821;0.08389;0.31581;11.098166;11.242657
6;2;10.88305;10.71342;11.02201;10.79373;0.06951;0.05350;0.05350;0.05100;0.00197;0.00195;0.00195;0.00394;0.45168;0.54832;11.307822;11.477362
7;4;10.61503;10.95156;10.56736;10.54963;10.72273;10.98277;10.59554;10.86976;0.04085;0.04080;0.04080;0.04319;0.00961;0.00907;0.00907;0.00925;0.02806;0.02793;0.02793;0.02847;0.04740;0.01970;0.01970;0.02484;0.17433;0.29906;0.44975;0.07686;11.258847;11.279096
8;4;10.51318;10.95443;10.54237;10.34466;10.55668;10.98640;10.70902;10.92382;0.01512;0.01396;0.01396;0.01438;0.01446;0.01341;0.01341;0.01329;0.07024;0.06516;0.06516;0.06765;0.18071;0.06678;0.06678;0.05663;0.44179;0.32311;0.21419;0.02091;11.213488;11.488734
9;3;11.00057;10.64513;10.66946;11.04674;10.76194;11.01274;0.01727;0.01669;0.01669;0.01729;0.04627;0.04904;0.04904;0.05704;0.04440;0.01699;0.01699;0.01686;0.37283;0.50672;0.12045;11.338073;11.381188
10;3;10.45510;10.90561;10.62366;10.89876;10.94554;10.76038;0.10525;0.02966;0.02966;0.04722;0.02916;0.02825;0.02825;0.02844;0.06430;0.07067;0.07067;0.08395;0.10279;0.44610;0.45111;11.338668;11.404289
11;5;10.48612;11.04651; 7.57671;10.71929;10.64822;10.67913;11.10332; 9.00993;10.84034;11.06860;0.00551;-0.00042;-0.00042; 0.00492; 0.01890; 0.01876; 0.01876; 0.02053; 5.67430; 1.55106; 1.55106; 0.42626; 0.05122; 0.05476; 0.05476; 0.06373; 0.06100; 0.03321; 0.03321; 0.03473;0.12482;0.29063;0.00754;0.52023;0.05677;11.352653;11.519398
12;2;10.71645; 9.87229;10.76075;10.58027;0.09121;0.09251;0.09251;0.09616;0.58063;0.57515;0.57515;0.78252;0.73708;0.26292;11.273787;11.325970
