1;2;6.358;6.1726;0.1168;0.0028185;0.42188;0.57812;1465.000000
2;1;6.0271;0.18022;1;1000.000000
3;1;6.2757;0.056712;1;860.000000
4;3;6.1107;6.1687;6.1687;0.017395;0.97047;0.97047;0.86092;0.069542;0.069542;1550.000000
5;3;6.1518;6.2794;6.198;0.0030433;0.13502;0.00057041;0.66553;0.086127;0.24834;1135.000000
6;1;6.6174;0.070312;1;1100.000000
7;2;6.5028;6.3837;0.076615;0.0046929;0.61079;0.38921;1430.000000
8;2;6.5186;6.3311;0.10461;0.0085505;0.53629;0.46371;1545.000000
9;1;6.5671;0.071713;1;1490.000000
10;1;6.4622;0.094557;1;1085.000000
11;1;6.4672;0.10524;1;1520.000000
12;1;6.2108;0.18259;1;1520.000000
