1;3;29690.45566;28996.42314;50847.81098;5.97017;6.29939;6.53088;1314465.04676;76.08777;76.08777;0.42870;5426633.18499;395.29939;395.29939;4.27833;145096799.04766;-2906.23012;-2906.23012;1.82550;0.17832;0.14723;0.67445;94298.864107;32733.325742
2;4;44062.49009;62025.78910;49537.42307;41925.56733;8.25810;8.54469;7.51430;9.43051;905056.15587;-77.82314;-77.82314;0.16556;19178817.73250;-1024.96115;-1024.96115;0.46026;169319883.30228;-4203.78141;-4203.78141;1.38014;62839184.96120;-1517.29064;-1517.29064;0.26133;0.08749;0.20778;0.38765;0.31708;92751.254017;50352.791530
3;1;43137.26898;7.87889;114564471.77888;-3520.99973;-3520.99973;1.66527;1.00000;86974.907004;37557.487558
4;4;39608.12238;30217.85379;28036.88278;47631.12837;8.31898;9.57434;10.34996;9.52383;145856117.25201;-314.23088;-314.23088;1.61416;6411200.23210;-310.77729;-310.77729;0.05034;14552316.94410;-48.33543;-48.33543;0.00870;7827738.00722;-285.37862;-285.37862;0.06950;0.36417;0.28610;0.23779;0.11195;81790.803261;53971.677808
5;5;47567.86382;29648.47379;29611.75390;29110.92621;49390.95905;9.14633;10.22998;9.56254;7.83839;7.89159;1825035.68818;-217.65893;-217.65893;0.06233;1195045.45288;-66.89257;-66.89257;0.01010;821396.95626;-64.57563;-64.57563;0.01296;4337511.75109;317.07299;317.07299;2.73470;72825549.76136;-2235.81598;-2235.81598;2.34609;0.08535;0.27690;0.35097;0.15867;0.12812;66053.926566;37838.734804
6;2;44780.81864;57401.73955;8.32072;8.34025;3235915.59406;66.07142;66.07142;0.60189;183655871.11899;1985.47854;1985.47854;0.73690;0.62414;0.37586;81476.603576;24832.513410
7;2;37632.68893;55428.92289;7.18684;7.45070;29536799.79277;-791.90261;-791.90261;1.95536;40019294.94697;-1338.50901;-1338.50901;0.97444;0.58001;0.41999;77572.146736;34744.374857
8;2;51892.02203;35868.42564;7.55201;7.23841;128695420.25255;-4918.92616;-4918.92616;1.43000;17430316.25848;-1497.59045;-1497.59045;2.00659;0.53135;0.46865;97712.112250;39714.177779
9;3;52634.08080;36681.34991;51925.98675;8.68177;8.11472;7.01879;118545219.35129;-4393.43791;-4393.43791;0.66569;16010957.68258;230.73251;230.73251;0.32971;159174233.03618;-1045.21346;-1045.21346;1.79774;0.58194;0.18046;0.23759;83934.809626;40080.835437
10;1;47533.59123;8.07267;152053280.97939;-2933.26520;-2933.26520;1.46967;1.00000;83904.289108;51103.206005
11;3;53492.59427;36611.22016;47674.28084;8.78262;8.77783;6.56113;169500334.20557;-1669.15875;-1669.15875;0.47468;7998936.34901;-1127.26942;-1127.26942;0.22686;185762789.51040;-4795.21358;-4795.21358;0.68392;0.65681;0.13376;0.20942;93560.551077;39220.317458
12;1;44616.23184;7.73098;324865099.94145;-9415.85629;-9415.85629;2.89836;1.00000;92724.017157;42985.835391
