1;2;2.1041;4.7819;1.0946;0.71782;0.85211;0.14789;915.000000
2;3;5.3288;3.042;4.232;0.2766;1.0842;0.3212;0.3907;0.29285;0.31645;1020.000000
3;3;3.3637;4.8023;6.1845;1.1763;0.48809;0.011704;0.61952;0.34097;0.039511;630.000000
4;3;6.2684;5.5079;4.4783;0.0091723;0.069163;1.8;0.35439;0.32841;0.3172;1210.000000
5;3;3.266;5.3834;6.1558;2.0904;0.064657;0.010677;0.16299;0.41011;0.4269;780.000000
6;3;3.9076;2.4013;4.9229;0.20515;0.21828;0.27984;0.41359;0.046738;0.53967;460.000000
7;2;3.7799;2.4732;1.0249;1.2611;0.66835;0.33165;840.000000
8;2;2.1263;4.0596;0.77696;0.8093;0.30659;0.69341;810.000000
9;3;5.5105;4.4072;3.1497;0.18153;0.55197;1.6346;0.22054;0.61444;0.16502;973.000000
10;3;2.9508;4.716;5.2693;1.5819;0.75908;0.039654;0.42595;0.48154;0.092501;850.000000
11;2;4.8953;2.6398;0.43126;0.70968;0.85974;0.14026;899.000000
12;2;2.9483;5.2645;1.5911;0.5836;0.58039;0.41961;720.000000
