1;3;10.29424;11.01357;10.68463;5.86369;6.56676;6.75813;0.00170;0.00773;0.00773;0.76547;0.00853;0.01539;0.01539;0.99786;0.10861;-0.08648;-0.08648;3.38573;0.16283;0.33475;0.50242;98313.406278;54961.377392
2;4;10.69581;10.71221;11.03581;10.66121;8.24186;9.35204;8.05824;7.52543;0.00065;-0.00265;-0.00265;0.16939;0.04470;-0.05182;-0.05182;0.29216;0.00591;-0.00691;-0.00691;0.90951;0.09734;-0.21443;-0.21443;1.91036;0.09323;0.36253;0.27061;0.27363;95718.305365;61184.780808
3;1;10.67316;8.05904;0.06853;-0.07223;-0.07223;1.55860;1.00000;86931.640707;37829.806501
4;6;10.78110;10.30698;10.26753;10.61925;10.29681;10.46825;9.60452;9.56457;10.37860;7.80948;10.33006;9.54297;0.00341;-0.00513;-0.00513;0.07302;0.00460;-0.00808;-0.00808;0.02467;0.00621;-0.00299;-0.00299;0.01392;0.10966;0.06365;0.06365;1.51145;0.10438;-0.00265;-0.00265;0.00241;0.12061;-0.12558;-0.12558;0.49483;0.10172;0.13357;0.25756;0.16977;0.09112;0.24626;89120.184684;72717.398573
5;4;10.29499;10.59429;10.76945;10.29375;9.56745;7.96177;9.17964;10.24487;0.00110;-0.00271;-0.00271;0.01634;0.10667;0.00158;0.00158;2.61889;0.00064;-0.00320;-0.00320;0.05621;0.00156;-0.00190;-0.00190;0.01074;0.26117;0.22205;0.09333;0.42345;74328.923644;46770.959674
6;2;10.70337;10.99137;8.38138;8.54313;0.00116;0.00327;0.00327;0.71101;0.05782;0.01064;0.01064;0.64381;0.39872;0.60128;87849.476368;27676.133550
7;3;10.53819;10.93979;10.54978;7.57958;7.55131;6.14717;0.01312;-0.02288;-0.02288;1.54481;0.01254;-0.03575;-0.03575;0.93742;0.11564;-0.20754;-0.20754;3.15235;0.43116;0.46755;0.10128;90903.216532;50307.676418
8;2;10.97967;10.51573;7.56322;7.52723;0.01875;-0.04927;-0.04927;1.48821;0.02882;-0.06774;-0.06774;1.92693;0.48006;0.51994;97723.393612;48541.701780
9;2;11.00736;10.70495;8.83221;8.15362;0.02419;-0.02793;-0.02793;0.53325;0.07458;-0.13499;-0.13499;1.83468;0.55621;0.44379;96047.705043;58378.185025
10;2;10.70368;10.87986;7.26909;8.79443;0.13141;-0.32487;-0.32487;2.35437;0.03797;-0.06161;-0.06161;0.66186;0.45590;0.54410;86609.965308;51107.672025
11;2;11.05890;10.70250;9.00435;8.32697;0.02680;-0.00437;-0.00437;0.25596;0.08353;-0.14491;-0.14491;1.70156;0.51318;0.48682;94017.496409;54056.548799
12;1;10.70608;8.04253;0.15136;-0.14985;-0.14985;2.43736;1.00000;92783.189627;43246.776701
