4127388 92094 NAMUR C 0 0 9993211 9993212
4127389 92094 NAMUR IF 0 0 9993213
4127390 92094 NAMUR IH 0 0 9993214
4127391 92094 NAMUR C 0 0 9993215 9993216
4127392 92094 NAMUR F 2 0 9993217 9993218 9993219 9993220
4127393 92094 NAMUR IF 0 0 9993221
4127394 92094 NAMUR F 1 0 9993222 9993223 9993224
4127395 92094 NAMUR C 0 0 9993225 9993226
4127396 92094 NAMUR IH 0 0 9993227
4127397 92094 NAMUR F 1 1 9993228 9993229 9993230 9993231
4127398 92094 NAMUR IF 0 0 9993232
4127399 92094 NAMUR C 0 0 9993233 9993234
4127400 92094 NAMUR W 1 1 9993235 9993236 9993237
4127401 92094 NAMUR W 2 0 9993238 9993239 9993240
4127402 92094 NAMUR IH 0 0 9993241
4127403 92094 NAMUR F 3 0 9993242 9993243 9993244 9993245 9993246
4127404 92094 NAMUR C 0 0 9993247 9993248
4127405 92094 NAMUR IF 0 0 9993249
4127406 92094 NAMUR C 0 0 9993250 9993251
4127407 92094 NAMUR F 2 0 9993252 9993253 9993254 9993255
4127408 92094 NAMUR IH 0 0 9993256
4127409 92094 NAMUR IF 0 0 9993257
4127410 92094 NAMUR C 0 0 9993258 9993259
4127411 92094 NAMUR F 2 1 9993260 9993261 9993262 9993263 9993264
4127412 92094 NAMUR F 1 0 9993265 9993266 9993267
4127413 92094 NAMUR IF 0 0 9993268
4127414 92094 NAMUR C 0 0 9993269 9993270
4127415 92094 NAMUR IH 0 0 9993271
4127416 92094 NAMUR C 0 0 9993272 9993273
4127417 92094 NAMUR IF 0 0 9993274
4127418 92094 NAMUR F 2 0 9993275 9993276 9993277 9993278
4127419 92094 NAMUR IH 0 0 9993279
4127420 92094 NAMUR C 0 0 9993280 9993281
4127421 92094 NAMUR F 1 1 9993282 9993283 9993284 9993285
4127422 92094 NAMUR IF 0 0 9993286
4127423 92094 NAMUR C 0 0 9993287 9993288
4127424 92094 NAMUR IH 0 0 9993289
4127425 92094 NAMUR F 1 2 9993290 9993291 9993292 9993293 9993294
4127426 92094 NAMUR C 0 0 9993295 9993296
4127427 92094 NAMUR IF 0 0 9993297
4127428 92094 NAMUR M 1 1 9993298 9993299 9993300
4127429 92094 NAMUR W 1 1 9993301 9993302 9993303
4127430 92094 NAMUR F 1 0 9993304 9993305 9993306
4127431 92094 NAMUR C 0 0 9993307 9993308
4127432 92094 NAMUR W 2 0 9993309 9993310 9993311