4127388 92094 NAMUR C 0 0 9993211 9993212
4127389 92094 NAMUR IF 0 0 9993213
4127390 92094 NAMUR IH 0 0 9993214
4127391 92094 NAMUR C 0 0 9993215 9993216
4127392 92094 NAMUR F 2 0 9993217 9993218 9993219 9993220
4127393 92094 NAMUR IF 0 0 9993221
4127394 92094 NAMUR F 1 0 9993222 9993223 9993224
4127395 92094 NAMUR C 0 0 9993225 9993226
4127396 92094 NAMUR IH 0 0 9993227
4127397 92094 NAMUR F 1 1 9993228 9993229 9993230 9993231
4127398 92094 NAMUR IF 0 0 9993232
4127399 92094 NAMUR C 0 0 9993233 9993234
4127400 92094 NAMUR W 1 1 9993235 9993236 9993237
4127401 92094 NAMUR W 2 0 9993238 9993239 9993240
4127402 92094 NAMUR IH 0 0 9993241
4127403 92094 NAMUR F 3 0 9993242 9993243 9993244 9993245 9993246
4127404 92094 NAMUR C 0 0 9993247 9993248
4127405 92094 NAMUR IF 0 0 9993249
4127406 92094 NAMUR C 0 0 9993250 9993251
4127407 92094 NAMUR F 2 0 9993252 9993253 9993254 9993255
4127408 92094 NAMUR IH 0 0 9993256
4127409 92094 NAMUR IF 0 0 9993257
4127410 92094 NAMUR C 0 0 9993258 9993259
4127411 92094 NAMUR F 2 1 9993260 9993261 9993262 9993263 9993264
4127412 92094 NAMUR F 1 0 9993265 9993266 9993267
4127413 92094 NAMUR IF 0 0 9993268
4127414 92094 NAMUR C 0 0 9993269 9993270
4127415 92094 NAMUR IH 0 0 9993271
4127416 92094 NAMUR C 0 0 9993272 9993273
4127417 92094 NAMUR IF 0 0 9993274
4127418 92094 NAMUR F 2 0 9993275 9993276 9993277 9993278
4127419 92094 NAMUR IH 0 0 9993279
4127420 92094 NAMUR C 0 0 9993280 9993281
4127421 92094 NAMUR F 1 1 9993282 9993283 9993284 9993285
4127422 92094 NAMUR IF 0 0 9993286
4127423 92094 NAMUR C 0 0 9993287 9993288
4127424 92094 NAMUR IH 0 0 9993289
4127425 92094 NAMUR F 1 2 9993290 9993291 9993292 9993293 9993294
4127426 92094 NAMUR C 0 0 9993295 9993296
4127427 92094 NAMUR IF 0 0 9993297
4127428 92094 NAMUR M 1 1 9993298 9993299 9993300
4127429 92094 NAMUR W 1 1 9993301 9993302 9993303
4127430 92094 NAMUR F 1 0 9993304 9993305 9993306
4127431 92094 NAMUR C 0 0 9993307 9993308
4127432 92094 NAMUR W 2 0 9993309 9993310 9993311
4127433 92094 NAMUR IF 0 0 9993312
4127434 92094 NAMUR IH 0 0 9993313
4127435 92094 NAMUR F 2 0 9993314 9993315 9993316 9993317
4127436 92094 NAMUR F 3 0 9993318 9993319 9993320 9993321 9993322
4127437 92094 NAMUR C 0 0 9993323 9993324
4127438 92094 NAMUR IF 0 0 9993325
4127439 92094 NAMUR F 3 1 9993326 9993327 9993328 9993329 9993330 9993331
4127440 92094 NAMUR F 4 0 9993332 9993333 9993334 9993335 9993336 9993337
4127441 92094 NAMUR C 0 0 9993338 9993339
4127442 92094 NAMUR IH 0 0 9993340
4127443 92094 NAMUR W 1 0 9993341 9993342
4127444 92094 NAMUR C 0 0 9993343 9993344
4127445 92094 NAMUR IF 0 0 9993345
4127446 92094 NAMUR F 1 1 9993346 9993347 9993348 9993349
4127447 92094 NAMUR IH 0 0 9993350
4127448 92094 NAMUR C 0 0 9993351 9993352
4127449 92094 NAMUR F 2 0 9993353 9993354 9993355 9993356
4127450 92094 NAMUR IF 0 0 9993357
4127451 92094 NAMUR F 1 0 9993358 9993359 9993360
4127452 92094 NAMUR C 0 0 9993361 9993362
4127453 92094 NAMUR IH 0 0 9993363
4127454 92094 NAMUR IF 0 0 9993364
4127455 92094 NAMUR C 0 0 9993365 9993366
4127456 92094 NAMUR C 0 0 9993367 9993368
4127457 92094 NAMUR IF 0 0 9993369
4127458 92094 NAMUR F 2 1 9993370 9993371 9993372 9993373 9993374
4127459 92094 NAMUR IH 0 0 9993375
4127460 92094 NAMUR W 1 1 9993376 9993377 9993378
4127461 92094 NAMUR F 2 0 9993379 9993380 9993381 9993382
4127462 92094 NAMUR C 0 0 9993383 9993384
4127463 92094 NAMUR W 3 0 9993385 9993386 9993387 9993388
4127464 92094 NAMUR IF 0 0 9993389
4127465 92094 NAMUR F 2 2 9993390 9993391 9993392 9993393 9993394 9993395
4127466 92094 NAMUR W 2 0 9993396 9993397 9993398
4127467 92094 NAMUR C 0 0 9993399 9993400
4127468 92094 NAMUR IH 0 0 9993401
4127469 92094 NAMUR F 3 0 9993402 9993403 9993404 9993405 9993406
4127470 92094 NAMUR F 1 0 9993407 9993408 9993409
4127471 92094 NAMUR IF 0 0 9993410
4127472 92094 NAMUR C 0 0 9993411 9993412
4127473 92094 NAMUR F 1 1 9993413 9993414 9993415 9993416
4127474 92094 NAMUR IH 0 0 9993417
4127475 92094 NAMUR C 0 0 9993418 9993419
4127476 92094 NAMUR IF 0 0 9993420
4127477 92094 NAMUR M 2 0 9993421 9993422 9993423
4127478 92094 NAMUR F 2 0 9993424 9993425 9993426 9993427
4127479 92094 NAMUR C 0 0 9993428 9993429
4127480 92094 NAMUR IH 0 0 9993430
4127481 92094 NAMUR IF 0 0 9993431
4127482 92094 NAMUR C 0 0 9993432 9993433
4127483 92094 NAMUR IF 0 0 9993434
4127484 92094 NAMUR C 0 0 9993435 9993436
4127485 92094 NAMUR IH 0 0 9993437
4127486 92094 NAMUR F 5 2 9993438 9993439 9993440 9993441 9993442 9993443 9993444 9993445 9993446
4127487 92094 NAMUR F 1 0 9993447 9993448 9993449
4127488 92094 NAMUR C 0 0 9993450 9993451
4127489 92094 NAMUR IF 0 0 9993452
4127490 92094 NAMUR F 2 0 9993453 9993454 9993455 9993456
4127491 92094 NAMUR W 1 1 9993457 9993458 9993459
4127492 92094 NAMUR IH 0 0 9993460
4127493 92094 NAMUR C 0 0 9993461 9993462
4127494 92094 NAMUR F 1 1 9993463 9993464 9993465 9993466
4127495 92094 NAMUR IF 0 0 9993467
4127496 92094 NAMUR C 0 0 9993468 9993469
4127497 92094 NAMUR W 2 0 9993470 9993471 9993472
4127498 92094 NAMUR IH 0 0 9993473
4127499 92094 NAMUR C 0 0 9993474 9993475
4127500 92094 NAMUR IF 0 0 9993476
4127501 92094 NAMUR F 3 0 9993477 9993478 9993479 9993480 9993481
4127502 92094 NAMUR C 0 0 9993482 9993483
4127503 92094 NAMUR F 2 0 9993484 9993485 9993486 9993487
4127504 92094 NAMUR IF 0 0 9993488
4127505 92094 NAMUR IH 0 0 9993489
4127506 92094 NAMUR F 1 0 9993490 9993491 9993492
4127507 92094 NAMUR C 0 0 9993493 9993494
4127508 92094 NAMUR F 2 1 9993495 9993496 9993497 9993498 9993499
4127509 92094 NAMUR IF 0 0 9993500
4127510 92094 NAMUR C 0 0 9993501 9993502
4127511 92094 NAMUR IH 0 0 9993503
4127512 92094 NAMUR F 1 2 9993504 9993505 9993506 9993507 9993508
4127513 92094 NAMUR C 0 0 9993509 9993510
4127514 92094 NAMUR IF 0 0 9993511
4127515 92094 NAMUR F 2 0 9993512 9993513 9993514 9993515
4127516 92094 NAMUR IH 0 0 9993516
4127517 92094 NAMUR F 1 1 9993517 9993518 9993519 9993520
4127518 92094 NAMUR C 0 0 9993521 9993522
4127519 92094 NAMUR IF 0 0 9993523
4127520 92094 NAMUR M 1 1 9993524 9993525 9993526
4127521 92094 NAMUR C 0 0 9993527 9993528
4127522 92094 NAMUR W 1 1 9993529 9993530 9993531
4127523 92094 NAMUR IH 0 0 9993532
4127524 92094 NAMUR F 1 0 9993533 9993534 9993535
4127525 92094 NAMUR IF 0 0 9993536
4127526 92094 NAMUR C 0 0 9993537 9993538
4127527 92094 NAMUR C 0 0 9993539 9993540
4127528 92094 NAMUR W 2 0 9993541 9993542 9993543
4127529 92094 NAMUR IF 0 0 9993544
4127530 92094 NAMUR IH 0 0 9993545
4127531 92094 NAMUR F 2 0 9993546 9993547 9993548 9993549
4127532 92094 NAMUR C 0 0 9993550 9993551
4127533 92094 NAMUR F 3 0 9993552 9993553 9993554 9993555 9993556
4127534 92094 NAMUR IF 0 0 9993557
4127535 92094 NAMUR C 0 0 9993558 9993559
4127536 92094 NAMUR IH 0 0 9993560
4127537 92094 NAMUR IF 0 0 9993561
4127538 92094 NAMUR C 0 0 9993562 9993563
4127539 92094 NAMUR F 1 1 9993564 9993565 9993566 9993567
4127540 92094 NAMUR IH 0 0 9993568
4127541 92094 NAMUR F 1 0 9993569 9993570 9993571
4127542 92094 NAMUR C 0 0 9993572 9993573
4127543 92094 NAMUR F 2 0 9993574 9993575 9993576 9993577
4127544 92094 NAMUR IF 0 0 9993578
4127545 92094 NAMUR F 3 1 9993579 9993580 9993581 9993582 9993583 9993584
4127546 92094 NAMUR F 4 0 9993585 9993586 9993587 9993588 9993589 9993590
4127547 92094 NAMUR C 0 0 9993591 9993592
4127548 92094 NAMUR IH 0 0 9993593
4127549 92094 NAMUR IF 0 0 9993594
4127550 92094 NAMUR C 0 0 9993595 9993596
4127551 92094 NAMUR W 1 1 9993597 9993598 9993599
4127552 92094 NAMUR M 1 0 9993600 9993601
4127553 92094 NAMUR W 1 0 9993602 9993603
4127554 92094 NAMUR IF 0 0 9993604
4127555 92094 NAMUR C 0 0 9993605 9993606
4127556 92094 NAMUR IH 0 0 9993607
4127557 92094 NAMUR F 2 1 9993608 9993609 9993610 9993611 9993612
4127558 92094 NAMUR F 2 0 9993613 9993614 9993615 9993616
4127559 92094 NAMUR C 0 0 9993617 9993618
4127560 92094 NAMUR IF 0 0 9993619
4127561 92094 NAMUR W 2 0 9993620 9993621 9993622
4127562 92094 NAMUR F 1 0 9993623 9993624 9993625
4127563 92094 NAMUR IH 0 0 9993626
4127564 92094 NAMUR C 0 0 9993627 9993628
4127565 92094 NAMUR IF 0 0 9993629
4127566 92094 NAMUR F 1 1 9993630 9993631 9993632 9993633
4127567 92094 NAMUR C 0 0 9993634 9993635
4127568 92094 NAMUR F 3 0 9993636 9993637 9993638 9993639 9993640
4127569 92094 NAMUR IH 0 0 9993641
4127570 92094 NAMUR F 3 2 9993642 9993643 9993644 9993645 9993646 9993647 9993648
4127571 92094 NAMUR F 5 0 9993649 9993650 9993651 9993652 9993653 9993654 9993655
4127572 92094 NAMUR F 4 1 9993656 9993657 9993658 9993659 9993660 9993661 9993662
4127573 92094 NAMUR C 0 0 9993663 9993664
4127574 92094 NAMUR IF 0 0 9993665
4127575 92094 NAMUR F 2 0 9993666 9993667 9993668 9993669
4127576 92094 NAMUR C 0 0 9993670 9993671
4127577 92094 NAMUR IH 0 0 9993672
4127578 92094 NAMUR IF 0 0 9993673
4127579 92094 NAMUR C 0 0 9993674 9993675
4127580 92094 NAMUR F 1 0 9993676 9993677 9993678
4127581 92094 NAMUR IF 0 0 9993679
4127582 92094 NAMUR C 0 0 9993680 9993681
4127583 92094 NAMUR IH 0 0 9993682
4127584 92094 NAMUR W 1 1 9993683 9993684 9993685
4127585 92094 NAMUR C 0 0 9993686 9993687
4127586 92094 NAMUR IF 0 0 9993688
4127587 92094 NAMUR F 2 0 9993689 9993690 9993691 9993692
4127588 92094 NAMUR IH 0 0 9993693
4127589 92094 NAMUR C 0 0 9993694 9993695
4127590 92094 NAMUR F 1 1 9993696 9993697 9993698 9993699
4127591 92094 NAMUR IF 0 0 9993700
4127592 92094 NAMUR C 0 0 9993701 9993702
4127593 92094 NAMUR W 2 0 9993703 9993704 9993705
4127594 92094 NAMUR IH 0 0 9993706
4127595 92094 NAMUR IF 0 0 9993707
4127596 92094 NAMUR C 0 0 9993708 9993709
4127597 92094 NAMUR F 1 2 9993710 9993711 9993712 9993713 9993714
4127598 92094 NAMUR F 1 0 9993715 9993716 9993717
4127599 92094 NAMUR C 0 0 9993718 9993719
4127600 92094 NAMUR F 2 0 9993720 9993721 9993722 9993723
4127601 92094 NAMUR F 3 0 9993724 9993725 9993726 9993727 9993728
4127602 92094 NAMUR IF 0 0 9993729
4127603 92094 NAMUR IH 0 0 9993730
4127604 92094 NAMUR C 0 0 9993731 9993732
4127605 92094 NAMUR IF 0 0 9993733
4127606 92094 NAMUR F 2 1 9993734 9993735 9993736 9993737 9993738
4127607 92094 NAMUR IH 0 0 9993739
4127608 92094 NAMUR C 0 0 9993740 9993741
4127609 92094 NAMUR IF 0 0 9993742
4127610 92094 NAMUR M 1 1 9993743 9993744 9993745
4127611 92094 NAMUR C 0 0 9993746 9993747
4127612 92094 NAMUR W 1 1 9993748 9993749 9993750
4127613 92094 NAMUR F 1 1 9993751 9993752 9993753 9993754
4127614 92094 NAMUR IH 0 0 9993755
4127615 92094 NAMUR F 2 0 9993756 9993757 9993758 9993759
4127616 92094 NAMUR C 0 0 9993760 9993761
4127617 92094 NAMUR IF 0 0 9993762
4127618 92094 NAMUR W 3 0 9993763 9993764 9993765 9993766
4127619 92094 NAMUR F 1 0 9993767 9993768 9993769
4127620 92094 NAMUR C 0 0 9993770 9993771
4127621 92094 NAMUR IH 0 0 9993772
4127622 92094 NAMUR IF 0 0 9993773
4127623 92094 NAMUR C 0 0 9993774 9993775
4127624 92094 NAMUR F 2 2 9993776 9993777 9993778 9993779 9993780 9993781
4127625 92094 NAMUR W 2 0 9993782 9993783 9993784
4127626 92094 NAMUR IF 0 0 9993785
4127627 92094 NAMUR C 0 0 9993786 9993787
4127628 92094 NAMUR IH 0 0 9993788
4127629 92094 NAMUR F 2 0 9993789 9993790 9993791 9993792
4127630 92094 NAMUR C 0 0 9993793 9993794
4127631 92094 NAMUR IF 0 0 9993795
4127632 92094 NAMUR IH 0 0 9993796
4127633 92094 NAMUR F 3 0 9993797 9993798 9993799 9993800 9993801
4127634 92094 NAMUR C 0 0 9993802 9993803
4127635 92094 NAMUR F 1 0 9993804 9993805 9993806
4127636 92094 NAMUR IF 0 0 9993807
4127637 92094 NAMUR C 0 0 9993808 9993809
4127638 92094 NAMUR F 1 1 9993810 9993811 9993812 9993813
4127639 92094 NAMUR IH 0 0 9993814
4127640 92094 NAMUR C 0 0 9993815 9993816
4127641 92094 NAMUR IF 0 0 9993817
4127642 92094 NAMUR F 2 0 9993818 9993819 9993820 9993821
4127643 92094 NAMUR W 1 1 9993822 9993823 9993824
4127644 92094 NAMUR C 0 0 9993825 9993826
4127645 92094 NAMUR IH 0 0 9993827
4127646 92094 NAMUR IF 0 0 9993828
4127647 92094 NAMUR C 0 0 9993829 9993830
4127648 92094 NAMUR IF 0 0 9993831
4127649 92094 NAMUR M 2 0 9993832 9993833 9993834
4127650 92094 NAMUR C 0 0 9993835 9993836
4127651 92094 NAMUR IH 0 0 9993837
4127652 92094 NAMUR F 3 1 9993838 9993839 9993840 9993841 9993842 9993843
4127653 92094 NAMUR F 4 0 9993844 9993845 9993846 9993847 9993848 9993849
4127654 92094 NAMUR F 1 0 9993850 9993851 9993852
4127655 92094 NAMUR F 2 1 9993853 9993854 9993855 9993856 9993857
4127656 92094 NAMUR F 2 0 9993858 9993859 9993860 9993861
4127657 92094 NAMUR C 0 0 9993862 9993863
4127658 92094 NAMUR IF 0 0 9993864
4127659 92094 NAMUR W 2 0 9993865 9993866 9993867
4127660 92094 NAMUR IH 0 0 9993868
4127661 92094 NAMUR C 0 0 9993869 9993870
4127662 92094 NAMUR IF 0 0 9993871
4127663 92094 NAMUR F 1 1 9993872 9993873 9993874 9993875
4127664 92094 NAMUR C 0 0 9993876 9993877
4127665 92094 NAMUR IH 0 0 9993878
4127666 92094 NAMUR IF 0 0 9993879
4127667 92094 NAMUR F 3 0 9993880 9993881 9993882 9993883 9993884
4127668 92094 NAMUR C 0 0 9993885 9993886
4127669 92094 NAMUR W 1 0 9993887 9993888
4127670 92094 NAMUR F 2 0 9993889 9993890 9993891 9993892
4127671 92094 NAMUR C 0 0 9993893 9993894
4127672 92094 NAMUR IF 0 0 9993895
4127673 92094 NAMUR IH 0 0 9993896
4127674 92094 NAMUR F 1 0 9993897 9993898 9993899
4127675 92094 NAMUR W 1 1 9993900 9993901 9993902
4127676 92094 NAMUR C 0 0 9993903 9993904
4127677 92094 NAMUR IF 0 0 9993905
4127678 92094 NAMUR IH 0 0 9993906
4127679 92094 NAMUR C 0 0 9993907 9993908
4127680 92094 NAMUR M 3 0 9993909 9993910 9993911 9993912
4127681 92094 NAMUR IF 0 0 9993913
4127682 92094 NAMUR F 1 2 9993914 9993915 9993916 9993917 9993918
4127683 92094 NAMUR C 0 0 9993919 9993920
4127684 92094 NAMUR F 2 0 9993921 9993922 9993923 9993924
4127685 92094 NAMUR IH 0 0 9993925
4127686 92094 NAMUR F 1 1 9993926 9993927 9993928 9993929
4127687 92094 NAMUR C 0 0 9993930 9993931
4127688 92094 NAMUR F 5 2 9993932 9993933 9993934 9993935 9993936 9993937 9993938 9993939 9993940
4127689 92094 NAMUR IF 0 0 9993941
4127690 92094 NAMUR W 2 0 9993942 9993943 9993944
4127691 92094 NAMUR C 0 0 9993945 9993946
4127692 92094 NAMUR IH 0 0 9993947
4127693 92094 NAMUR F 1 0 9993948 9993949 9993950
4127694 92094 NAMUR IF 0 0 9993951
4127695 92094 NAMUR C 0 0 9993952 9993953
4127696 92094 NAMUR IF 0 0 9993954
4127697 92094 NAMUR C 0 0 9993955 9993956
4127698 92094 NAMUR F 2 0 9993957 9993958 9993959 9993960
4127699 92094 NAMUR IH 0 0 9993961
4127700 92094 NAMUR F 3 0 9993962 9993963 9993964 9993965 9993966
4127701 92094 NAMUR C 0 0 9993967 9993968
4127702 92094 NAMUR M 1 1 9993969 9993970 9993971
4127703 92094 NAMUR IF 0 0 9993972
4127704 92094 NAMUR W 1 1 9993973 9993974 9993975
4127705 92094 NAMUR F 2 1 9993976 9993977 9993978 9993979 9993980
4127706 92094 NAMUR IH 0 0 9993981
4127707 92094 NAMUR C 0 0 9993982 9993983
4127708 92094 NAMUR IF 0 0 9993984
4127709 92094 NAMUR C 0 0 9993985 9993986
4127710 92094 NAMUR F 1 1 9993987 9993988 9993989 9993990
4127711 92094 NAMUR F 1 0 9993991 9993992 9993993
4127712 92094 NAMUR IH 0 0 9993994
4127713 92094 NAMUR F 2 0 9993995 9993996 9993997 9993998
4127714 92094 NAMUR C 0 0 9993999 9994000
4127715 92094 NAMUR IF 0 0 9994001
4127716 92094 NAMUR C 0 0 9994002 9994003
4127717 92094 NAMUR IH 0 0 9994004
4127718 92094 NAMUR IF 0 0 9994005
4127719 92094 NAMUR C 0 0 9994006 9994007
4127720 92094 NAMUR W 2 0 9994008 9994009 9994010
4127721 92094 NAMUR IF 0 0 9994011
4127722 92094 NAMUR C 0 0 9994012 9994013
4127723 92094 NAMUR IH 0 0 9994014
4127724 92094 NAMUR F 2 0 9994015 9994016 9994017 9994018
4127725 92094 NAMUR C 0 0 9994019 9994020
4127726 92094 NAMUR IF 0 0 9994021
4127727 92094 NAMUR F 1 0 9994022 9994023 9994024
4127728 92094 NAMUR IH 0 0 9994025
4127729 92094 NAMUR C 0 0 9994026 9994027
4127730 92094 NAMUR IF 0 0 9994028
4127731 92094 NAMUR F 3 0 9994029 9994030 9994031 9994032 9994033
4127732 92094 NAMUR W 1 1 9994034 9994035 9994036
4127733 92094 NAMUR F 1 1 9994037 9994038 9994039 9994040
4127734 92094 NAMUR C 0 0 9994041 9994042
4127735 92094 NAMUR IH 0 0 9994043
4127736 92094 NAMUR IF 0 0 9994044
4127737 92094 NAMUR C 0 0 9994045 9994046
4127738 92094 NAMUR F 2 0 9994047 9994048 9994049 9994050
4127739 92094 NAMUR C 0 0 9994051 9994052
4127740 92094 NAMUR IF 0 0 9994053
4127741 92094 NAMUR IH 0 0 9994054
4127742 92094 NAMUR C 0 0 9994055 9994056
4127743 92094 NAMUR F 1 0 9994057 9994058 9994059
4127744 92094 NAMUR IF 0 0 9994060
4127745 92094 NAMUR IH 0 0 9994061
4127746 92094 NAMUR C 0 0 9994062 9994063
4127747 92094 NAMUR IF 0 0 9994064
4127748 92094 NAMUR F 2 1 9994065 9994066 9994067 9994068 9994069
4127749 92094 NAMUR W 2 0 9994070 9994071 9994072
4127750 92094 NAMUR F 2 0 9994073 9994074 9994075 9994076
4127751 92094 NAMUR C 0 0 9994077 9994078
4127752 92094 NAMUR IH 0 0 9994079
4127753 92094 NAMUR C 0 0 9994080 9994081
4127754 92094 NAMUR IF 0 0 9994082
4127755 92094 NAMUR F 1 1 9994083 9994084 9994085 9994086
4127756 92094 NAMUR C 0 0 9994087 9994088
4127757 92094 NAMUR F 3 1 9994089 9994090 9994091 9994092 9994093 9994094
4127758 92094 NAMUR F 4 0 9994095 9994096 9994097 9994098 9994099 9994100
4127759 92094 NAMUR IH 0 0 9994101
4127760 92094 NAMUR IF 0 0 9994102
4127761 92094 NAMUR W 1 1 9994103 9994104 9994105
4127762 92094 NAMUR C 0 0 9994106 9994107
4127763 92094 NAMUR F 1 0 9994108 9994109 9994110
4127764 92094 NAMUR F 3 0 9994111 9994112 9994113 9994114 9994115
4127765 92094 NAMUR F 2 0 9994116 9994117 9994118 9994119
4127766 92094 NAMUR F 1 2 9994120 9994121 9994122 9994123 9994124
4127767 92094 NAMUR IF 0 0 9994125
4127768 92094 NAMUR C 0 0 9994126 9994127
4127769 92094 NAMUR IH 0 0 9994128
4127770 92094 NAMUR W 3 0 9994129 9994130 9994131 9994132
4127771 92094 NAMUR C 0 0 9994133 9994134
4127772 92094 NAMUR IF 0 0 9994135
4127773 92094 NAMUR IH 0 0 9994136
4127774 92094 NAMUR C 0 0 9994137 9994138
4127775 92094 NAMUR IF 0 0 9994139
4127776 92094 NAMUR C 0 0 9994140 9994141
4127777 92094 NAMUR F 2 0 9994142 9994143 9994144 9994145
4127778 92094 NAMUR W 1 0 9994146 9994147
4127779 92094 NAMUR IH 0 0 9994148
4127780 92094 NAMUR F 1 1 9994149 9994150 9994151 9994152
4127781 92094 NAMUR IF 0 0 9994153
4127782 92094 NAMUR C 0 0 9994154 9994155
4127783 92094 NAMUR F 2 2 9994156 9994157 9994158 9994159 9994160 9994161
4127784 92094 NAMUR F 1 0 9994162 9994163 9994164
4127785 92094 NAMUR W 2 0 9994165 9994166 9994167
4127786 92094 NAMUR C 0 0 9994168 9994169
4127787 92094 NAMUR IH 0 0 9994170
4127788 92094 NAMUR IF 0 0 9994171
4127789 92094 NAMUR C 0 0 9994172 9994173
4127790 92094 NAMUR M 1 1 9994174 9994175 9994176
4127791 92094 NAMUR IF 0 0 9994177
4127792 92094 NAMUR C 0 0 9994178 9994179
4127793 92094 NAMUR IH 0 0 9994180
4127794 92094 NAMUR W 1 1 9994181 9994182 9994183
4127795 92094 NAMUR F 2 0 9994184 9994185 9994186 9994187
4127796 92094 NAMUR C 0 0 9994188 9994189
4127797 92094 NAMUR IF 0 0 9994190
4127798 92094 NAMUR F 3 0 9994191 9994192 9994193 9994194 9994195
4127799 92094 NAMUR IH 0 0 9994196
4127800 92094 NAMUR C 0 0 9994197 9994198
4127801 92094 NAMUR F 2 1 9994199 9994200 9994201 9994202 9994203
4127802 92094 NAMUR F 1 0 9994204 9994205 9994206
4127803 92094 NAMUR IF 0 0 9994207
4127804 92094 NAMUR C 0 0 9994208 9994209
4128682 92094 NAMUR C 0 0 9996318 9996319
