Origin,Dest,Trips
11001,92094,43
11002,92094,1226
11004,92094,50
11005,92094,62
11007,92094,28
11008,92094,68
11009,92094,81
11013,92094,53
11016,92094,32
11018,92094,27
11021,92094,21
11022,92094,33
11023,92094,64
11024,92094,103
11025,92094,24
11029,92094,55
11030,92094,26
11035,92094,75
11037,92094,92
11038,92094,12
11039,92094,59
11040,92094,83
11044,92094,48
11050,92094,30
11052,92094,64
11053,92094,65
11054,92094,49
11055,92094,47
11056,92094,60
11057,92094,28
12002,92094,57
12005,92094,74
12007,92094,51
12009,92094,60
12014,92094,242
12021,92094,165
12025,92094,446
12026,92094,94
12029,92094,53
12030,92094,122
12034,92094,39
12035,92094,93
12040,92094,100
13001,92094,25
13002,92094,15
13003,92094,64
13004,92094,35
13006,92094,34
13008,92094,191
13010,92094,38
13011,92094,99
13012,92094,28
13013,92094,82
13014,92094,66
13016,92094,51
13017,92094,63
13019,92094,45
13021,92094,43
13023,92094,30
13025,92094,138
13029,92094,83
13031,92094,35
13035,92094,32
13036,92094,44
13037,92094,23
13040,92094,146
13044,92094,17
13046,92094,41
13049,92094,101
13053,92094,104
21001,92094,463
21002,92094,191
21003,92094,80
21004,92094,938
21005,92094,182
21006,92094,188
21007,92094,191
21008,92094,80
21009,92094,292
21010,92094,202
21011,92094,90
21012,92094,236
21013,92094,156
21014,92094,64
21015,92094,448
21016,92094,324
21017,92094,111
21018,92094,277
21019,92094,206
23002,92094,174
23003,92094,219
23009,92094,12
23016,92094,236
23023,92094,33
23024,92094,60
23025,92094,198
23027,92094,234
23032,92094,32
23033,92094,118
23038,92094,73
23039,92094,44
23044,92094,57
23045,92094,112
23047,92094,218
23050,92094,148
23052,92094,56
23060,92094,61
23062,92094,304
23064,92094,24
23077,92094,216
23081,92094,85
23086,92094,79
23088,92094,205
23094,92094,286
23096,92094,162
23097,92094,93
23098,92094,48
23099,92094,99
23100,92094,27
23101,92094,103
23102,92094,98
23103,92094,94
23104,92094,59
23105,92094,79
24001,92094,225
24007,92094,63
24008,92094,72
24009,92094,128
24011,92094,139
24014,92094,65
24016,92094,135
24020,92094,141
24028,92094,25
24033,92094,105
24038,92094,128
24041,92094,166
24043,92094,78
24045,92094,198
24048,92094,71
24054,92094,56
24055,92094,107
24059,92094,317
24062,92094,968
24066,92094,122
24086,92094,152
24094,92094,132
24104,92094,178
24107,92094,477
24109,92094,94
24130,92094,78
24133,92094,104
24134,92094,138
24135,92094,114
24137,92094,59
25005,92094,148
25014,92094,468
25015,92094,108
25018,92094,322
25023,92094,304
25031,92094,435
25037,92094,274
25043,92094,281
25044,92094,107
25048,92094,297
25050,92094,69
25068,92094,407
25072,92094,619
25084,92094,864
25091,92094,283
25105,92094,109
25107,92094,436
25110,92094,374
25112,92094,923
25117,92094,357
25118,92094,50
25119,92094,216
25120,92094,377
25121,92094,1135
25122,92094,309
25123,92094,65
25124,92094,604
31003,92094,94
31004,92094,59
31005,92094,554
31006,92094,77
31012,92094,87
31022,92094,154
31033,92094,85
31040,92094,112
31042,92094,52
31043,92094,143
32003,92094,162
32006,92094,44
32010,92094,45
32011,92094,60
32030,92094,47
33011,92094,326
33016,92094,8
33021,92094,280
33029,92094,120
33037,92094,119
33039,92094,129
33040,92094,74
33041,92094,63
34002,92094,48
34003,92094,50
34009,92094,81
34013,92094,117
34022,92094,462
34023,92094,43
34025,92094,27
34027,92094,152
34040,92094,154
34041,92094,159
34042,92094,115
34043,92094,9
35002,92094,92
35005,92094,66
35006,92094,38
35011,92094,205
35013,92094,247
35014,92094,61
35029,92094,82
36015,92094,256
36006,92094,63
36007,92094,52
36008,92094,103
36010,92094,47
36011,92094,48
36012,92094,62
36019,92094,110
37002,92094,41
37007,92094,55
37010,92094,18
37011,92094,52
37012,92094,27
37015,92094,98
37017,92094,80
37018,92094,71
37020,92094,61
38002,92094,181
38008,92094,357
38014,92094,328
38016,92094,206
38025,92094,1106
41002,92094,300
41011,92094,61
41018,92094,165
41024,92094,61
41027,92094,77
41034,92094,58
41048,92094,182
41063,92094,51
41081,92094,125
41082,92094,108
42003,92094,64
42004,92094,27
42006,92094,183
42008,92094,91
42010,92094,46
42011,92094,72
42023,92094,63
42025,92094,127
42026,92094,37
42028,92094,59
43002,92094,101
43005,92094,73
43007,92094,26
43010,92094,100
43014,92094,50
43018,92094,108
44001,92094,122
44011,92094,127
44012,92094,31
44013,92094,95
44019,92094,145
44020,92094,69
44021,92094,1060
44029,92094,25
44034,92094,96
44036,92094,59
44040,92094,79
44043,92094,129
44045,92094,33
44048,92094,74
44049,92094,86
44052,92094,67
44064,92094,28
44072,92094,41
44073,92094,45
44080,92094,45
44081,92094,68
45017,92094,52
45035,92094,153
45041,92094,113
45057,92094,19
45059,92094,64
45060,92094,16
45061,92094,31
45062,92094,17
45063,92094,40
45064,92094,45
45065,92094,52
46003,92094,217
46013,92094,53
46014,92094,134
46020,92094,71
46021,92094,276
46024,92094,67
46025,92094,80
51004,92094,184
51008,92094,68
51009,92094,82
51012,92094,13
51014,92094,19
51017,92094,34
51019,92094,31
51065,92094,122
52010,92094,146
52011,92094,5158
52012,92094,1316
52015,92094,529
52018,92094,558
52021,92094,1531
52022,92094,357
52025,92094,344
52043,92094,261
52048,92094,241
52055,92094,374
52063,92094,234
52074,92094,321
52075,92094,283
53014,92094,62
53020,92094,52
53028,92094,67
53039,92094,25
53044,92094,32
53046,92094,24
53053,92094,657
53065,92094,79
53068,92094,10
53070,92094,150
53082,92094,38
53083,92094,20
53084,92094,60
54007,92094,161
54010,92094,116
55004,92094,147
55010,92094,65
55022,92094,716
55023,92094,106
55035,92094,110
55039,92094,41
55040,92094,128
55050,92094,106
56001,92094,127
56005,92094,63
56011,92094,200
56016,92094,107
56022,92094,53
56029,92094,56
56044,92094,88
56049,92094,35
56051,92094,44
56078,92094,158
56085,92094,38
56086,92094,236
56087,92094,137
56088,92094,31
57003,92094,62
57018,92094,37
57027,92094,84
57062,92094,24
57064,92094,57
57072,92094,8
57081,92094,318
57093,92094,35
57094,92094,50
57095,92094,12
61003,92094,418
61010,92094,235
61012,92094,166
61019,92094,49
61024,92094,51
61028,92094,877
61031,92094,822
61039,92094,127
61041,92094,105
61043,92094,166
61048,92094,46
61063,92094,66
61068,92094,367
61072,92094,678
61079,92094,69
61080,92094,225
61081,92094,103
62003,92094,336
62006,92094,118
62009,92094,145
62011,92094,104
62015,92094,56
62022,92094,179
62026,92094,37
62027,92094,63
62032,92094,171
62038,92094,111
62051,92094,372
62060,92094,71
62063,92094,1889
62079,92094,193
62093,92094,188
62096,92094,791
62099,92094,114
62100,92094,187
62108,92094,193
62118,92094,440
62119,92094,114
62120,92094,460
62121,92094,126
62122,92094,79
63001,92094,33
63003,92094,42
63004,92094,41
63012,92094,65
63013,92094,62
63020,92094,72
63023,92094,111
63035,92094,170
63038,92094,77
63040,92094,57
63045,92094,26
63046,92094,38
63048,92094,36
63049,92094,81
63057,92094,22
63058,92094,47
63061,92094,74
63067,92094,118
63072,92094,56
63073,92094,58
63075,92094,29
63076,92094,90
63079,92094,283
63080,92094,46
63084,92094,69
63086,92094,25
63087,92094,29
63088,92094,71
63089,92094,64
64008,92094,62
64015,92094,166
64021,92094,62
64023,92094,69
64025,92094,53
64029,92094,93
64034,92094,693
64047,92094,115
64056,92094,50
64063,92094,106
64065,92094,212
64074,92094,238
64075,92094,273
64076,92094,96
71002,92094,40
71004,92094,174
71011,92094,130
71016,92094,392
71017,92094,132
71020,92094,75
71022,92094,443
71024,92094,86
71034,92094,42
71037,92094,152
71045,92094,37
71047,92094,24
71053,92094,498
71057,92094,114
71066,92094,65
71067,92094,66
71069,92094,74
71070,92094,117
72003,92094,33
72004,92094,84
72018,92094,25
72020,92094,120
72021,92094,50
72025,92094,57
72029,92094,90
72030,92094,78
72037,92094,25
72038,92094,56
72039,92094,75
72040,92094,54
72041,92094,65
73001,92094,74
73006,92094,219
73009,92094,94
73022,92094,77
73028,92094,2
73032,92094,68
73040,92094,67
73042,92094,135
73066,92094,116
73083,92094,366
73098,92094,75
73107,92094,118
73109,92094,80
81001,92094,255
81003,92094,75
81004,92094,152
81013,92094,15
81015,92094,99
82003,92094,134
82005,92094,38
82009,92094,37
82014,92094,75
82032,92094,54
82036,92094,84
82037,92094,59
82038,92094,33
83012,92094,194
83013,92094,43
83028,92094,55
83031,92094,63
83034,92094,434
83040,92094,120
83044,92094,37
83049,92094,54
83055,92094,61
84009,92094,155
84010,92094,109
84016,92094,31
84029,92094,43
84033,92094,104
84035,92094,167
84043,92094,109
84050,92094,110
84059,92094,117
84068,92094,70
84075,92094,129
84077,92094,189
85007,92094,69
85009,92094,92
85011,92094,62
85024,92094,37
85026,92094,30
85034,92094,35
85039,92094,44
85045,92094,122
85046,92094,80
85047,92094,28
91005,92094,1171
91013,92094,227
91015,92094,55
91030,92094,1629
91034,92094,1413
91054,92094,83
91059,92094,956
91064,92094,365
91072,92094,402
91103,92094,259
91114,92094,495
91120,92094,173
91141,92094,2667
91142,92094,184
91143,92094,36
92003,92094,8770
92006,92094,6687
92035,92094,5488
92045,92094,6697
92048,92094,1619
92054,92094,1925
92087,92094,1160
92094,11001,56
92094,11002,1361
92094,11004,48
92094,11005,65
92094,11007,40
92094,11008,87
92094,11009,80
92094,11013,67
92094,11016,43
92094,11018,27
92094,11021,30
92094,11022,47
92094,11023,69
92094,11024,94
92094,11025,21
92094,11029,71
92094,11030,26
92094,11035,79
92094,11037,86
92094,11038,24
92094,11039,72
92094,11040,104
92094,11044,56
92094,11050,25
92094,11052,56
92094,11053,57
92094,11054,46
92094,11055,59
92094,11056,55
92094,11057,35
92094,12002,53
92094,12005,87
92094,12007,69
92094,12009,65
92094,12014,230
92094,12021,166
92094,12025,429
92094,12026,91
92094,12029,73
92094,12030,100
92094,12034,35
92094,12035,93
92094,12040,102
92094,13001,31
92094,13002,8
92094,13003,87
92094,13004,44
92094,13006,37
92094,13008,156
92094,13010,44
92094,13011,115
92094,13012,27
92094,13013,86
92094,13014,92
92094,13016,57
92094,13017,65
92094,13019,55
92094,13021,41
92094,13023,28
92094,13025,135
92094,13029,69
92094,13031,36
92094,13035,43
92094,13036,37
92094,13037,32
92094,13040,142
92094,13044,13
92094,13046,31
92094,13049,115
92094,13053,100
92094,21001,455
92094,21002,219
92094,21003,94
92094,21004,783
92094,21005,194
92094,21006,185
92094,21007,199
92094,21008,95
92094,21009,325
92094,21010,211
92094,21011,87
92094,21012,287
92094,21013,173
92094,21014,80
92094,21015,520
92094,21016,356
92094,21017,142
92094,21018,271
92094,21019,214
92094,23002,147
92094,23003,187
92094,23009,8
92094,23016,223
92094,23023,29
92094,23024,54
92094,23025,214
92094,23027,198
92094,23032,40
92094,23033,107
92094,23038,73
92094,23039,47
92094,23044,64
92094,23045,102
92094,23047,187
92094,23050,134
92094,23052,61
92094,23060,64
92094,23062,299
92094,23064,27
92094,23077,206
92094,23081,61
92094,23086,70
92094,23088,204
92094,23094,264
92094,23096,154
92094,23097,66
92094,23098,33
92094,23099,98
92094,23100,38
92094,23101,111
92094,23102,72
92094,23103,98
92094,23104,59
92094,23105,59
92094,24001,235
92094,24007,56
92094,24008,61
92094,24009,121
92094,24011,133
92094,24014,71
92094,24016,143
92094,24020,143
92094,24028,21
92094,24033,84
92094,24038,134
92094,24041,202
92094,24043,79
92094,24045,194
92094,24048,57
92094,24054,66
92094,24055,94
92094,24059,345
92094,24062,906
92094,24066,113
92094,24086,158
92094,24094,95
92094,24104,187
92094,24107,535
92094,24109,83
92094,24130,83
92094,24133,115
92094,24134,129
92094,24135,101
92094,24137,58
92094,25005,138
92094,25014,483
92094,25015,111
92094,25018,350
92094,25023,343
92094,25031,431
92094,25037,322
92094,25043,291
92094,25044,99
92094,25048,315
92094,25050,75
92094,25068,462
92094,25072,586
92094,25084,927
92094,25091,274
92094,25105,105
92094,25107,470
92094,25110,368
92094,25112,933
92094,25117,399
92094,25118,58
92094,25119,223
92094,25120,385
92094,25121,1273
92094,25122,329
92094,25123,66
92094,25124,593
92094,31003,109
92094,31004,78
92094,31005,566
92094,31006,64
92094,31012,90
92094,31022,143
92094,31033,101
92094,31040,122
92094,31042,48
92094,31043,157
92094,32003,163
92094,32006,45
92094,32010,40
92094,32011,55
92094,32030,46
92094,33011,329
92094,33016,8
92094,33021,354
92094,33029,101
92094,33037,115
92094,33039,134
92094,33040,73
92094,33041,51
92094,34002,52
92094,34003,48
92094,34009,85
92094,34013,136
92094,34022,451
92094,34023,47
92094,34025,26
92094,34027,167
92094,34040,161
92094,34041,165
92094,34042,121
92094,34043,8
92094,35002,81
92094,35005,75
92094,35006,49
92094,35011,215
92094,35013,272
92094,35014,55
92094,35029,69
92094,36015,253
92094,36006,71
92094,36007,53
92094,36008,120
92094,36010,53
92094,36011,40
92094,36012,54
92094,36019,110
92094,37002,42
92094,37007,64
92094,37010,22
92094,37011,49
92094,37012,28
92094,37015,88
92094,37017,69
92094,37018,67
92094,37020,53
92094,38002,170
92094,38008,411
92094,38014,393
92094,38016,240
92094,38025,1456
92094,41002,276
92094,41011,60
92094,41018,160
92094,41024,57
92094,41027,63
92094,41034,61
92094,41048,167
92094,41063,50
92094,41081,113
92094,41082,86
92094,42003,67
92094,42004,30
92094,42006,166
92094,42008,85
92094,42010,53
92094,42011,70
92094,42023,52
92094,42025,106
92094,42026,43
92094,42028,71
92094,43002,111
92094,43005,77
92094,43007,25
92094,43010,104
92094,43014,49
92094,43018,87
92094,44001,114
92094,44011,129
92094,44012,41
92094,44013,90
92094,44019,142
92094,44020,62
92094,44021,975
92094,44029,28
92094,44034,101
92094,44036,52
92094,44040,67
92094,44043,121
92094,44045,40
92094,44048,54
92094,44049,74
92094,44052,61
92094,44064,37
92094,44072,46
92094,44073,51
92094,44080,47
92094,44081,65
92094,45017,49
92094,45035,131
92094,45041,115
92094,45057,26
92094,45059,74
92094,45060,26
92094,45061,29
92094,45062,16
92094,45063,37
92094,45064,41
92094,45065,45
92094,46003,212
92094,46013,40
92094,46014,149
92094,46020,63
92094,46021,279
92094,46024,72
92094,46025,78
92094,51004,177
92094,51008,62
92094,51009,64
92094,51012,10
92094,51014,19
92094,51017,31
92094,51019,27
92094,51065,94
92094,52010,134
92094,52011,5101
92094,52012,1229
92094,52015,500
92094,52018,574
92094,52021,1594
92094,52022,339
92094,52025,334
92094,52043,241
92094,52048,211
92094,52055,383
92094,52063,195
92094,52074,333
92094,52075,256
92094,53014,68
92094,53020,59
92094,53028,68
92094,53039,24
92094,53044,32
92094,53046,22
92094,53053,623
92094,53065,85
92094,53068,19
92094,53070,133
92094,53082,52
92094,53083,16
92094,53084,60
92094,54007,203
92094,54010,131
92094,55004,127
92094,55010,70
92094,55022,687
92094,55023,109
92094,55035,89
92094,55039,38
92094,55040,125
92094,55050,103
92094,56001,122
92094,56005,66
92094,56011,206
92094,56016,120
92094,56022,51
92094,56029,50
92094,56044,88
92094,56049,30
92094,56051,44
92094,56078,165
92094,56085,50
92094,56086,229
92094,56087,134
92094,56088,33
92094,57003,53
92094,57018,37
92094,57027,82
92094,57062,23
92094,57064,67
92094,57072,12
92094,57081,322
92094,57093,34
92094,57094,55
92094,57095,15
92094,61003,424
92094,61010,247
92094,61012,175
92094,61019,45
92094,61024,45
92094,61028,866
92094,61031,907
92094,61039,147
92094,61041,103
92094,61043,158
92094,61048,39
92094,61063,73
92094,61068,389
92094,61072,698
92094,61079,58
92094,61080,204
92094,61081,97
92094,62003,308
92094,62006,100
92094,62009,133
92094,62011,81
92094,62015,70
92094,62022,198
92094,62026,43
92094,62027,70
92094,62032,149
92094,62038,111
92094,62051,314
92094,62060,74
92094,62063,1804
92094,62079,189
92094,62093,205
92094,62096,747
92094,62099,104
92094,62100,163
92094,62108,156
92094,62118,422
92094,62119,109
92094,62120,443
92094,62121,127
92094,62122,84
92094,63001,40
92094,63003,32
92094,63004,37
92094,63012,60
92094,63013,49
92094,63020,75
92094,63023,102
92094,63035,138
92094,63038,56
92094,63040,55
92094,63045,29
92094,63046,34
92094,63048,30
92094,63049,73
92094,63057,23
92094,63058,66
92094,63061,72
92094,63067,84
92094,63072,64
92094,63073,46
92094,63075,28
92094,63076,87
92094,63079,279
92094,63080,36
92094,63084,51
92094,63086,24
92094,63087,26
92094,63088,66
92094,63089,54
92094,64008,66
92094,64015,183
92094,64021,43
92094,64023,69
92094,64025,55
92094,64029,95
92094,64034,734
92094,64047,117
92094,64056,43
92094,64063,94
92094,64065,202
92094,64074,228
92094,64075,288
92094,64076,90
92094,71002,45
92094,71004,172
92094,71011,105
92094,71016,389
92094,71017,137
92094,71020,68
92094,71022,413
92094,71024,75
92094,71034,41
92094,71037,135
92094,71045,39
92094,71047,29
92094,71053,466
92094,71057,93
92094,71066,83
92094,71067,48
92094,71069,67
92094,71070,126
92094,72003,47
92094,72004,73
92094,72018,28
92094,72020,119
92094,72021,71
92094,72025,56
92094,72029,69
92094,72030,71
92094,72037,41
92094,72038,70
92094,72039,93
92094,72040,62
92094,72041,69
92094,73001,74
92094,73006,197
92094,73009,95
92094,73022,73
92094,73028,2
92094,73032,59
92094,73040,52
92094,73042,142
92094,73066,106
92094,73083,316
92094,73098,63
92094,73107,126
92094,73109,61
92094,81001,220
92094,81003,53
92094,81004,110
92094,81013,17
92094,81015,82
92094,82003,136
92094,82005,27
92094,82009,26
92094,82014,55
92094,82032,57
92094,82036,54
92094,82037,46
92094,82038,24
92094,83012,168
92094,83013,42
92094,83028,59
92094,83031,70
92094,83034,434
92094,83040,97
92094,83044,28
92094,83049,38
92094,83055,40
92094,84009,132
92094,84010,92
92094,84016,34
92094,84029,35
92094,84033,64
92094,84035,123
92094,84043,88
92094,84050,82
92094,84059,102
92094,84068,64
92094,84075,98
92094,84077,170
92094,85007,60
92094,85009,66
92094,85011,47
92094,85024,26
92094,85026,20
92094,85034,29
92094,85039,22
92094,85045,82
92094,85046,59
92094,85047,19
92094,91005,1262
92094,91013,211
92094,91015,39
92094,91030,1642
92094,91034,1328
92094,91054,63
92094,91059,976
92094,91064,351
92094,91072,334
92094,91103,253
92094,91114,432
92094,91120,156
92094,91141,2702
92094,91142,196
92094,91143,33
92094,92003,8746
92094,92006,7066
92094,92035,5546
92094,92045,6486
92094,92048,1637
92094,92054,1945
92094,92087,1163
92094,92094,265116
92094,92097,405
92094,92101,6917
92094,92114,790
92094,92137,2604
92094,92138,4954
92094,92140,6374
92094,92141,11457
92094,92142,4138
92094,93010,75
92094,93014,189
92094,93018,62
92094,93022,353
92094,93056,289
92094,93088,411
92094,93090,71
92097,92094,387
92101,92094,6783
92114,92094,729
92137,92094,2587
92138,92094,4917
92140,92094,6264
92141,92094,11390
92142,92094,3989
93010,92094,83
93014,92094,218
93018,92094,72
93022,92094,358
93056,92094,332
93088,92094,428
93090,92094,71
